"ONTOLOGY"	"TERM"	"N"	"DE"	"P.DE"	"FDR"
"GO:0015629"	"CC"	"actin cytoskeleton"	500	190	6.50064786560336e-07	0.0073850610077187
"GO:0062023"	"CC"	"collagen-containing extracellular matrix"	417	151	5.60815904641019e-07	0.0073850610077187
"GO:0030029"	"BP"	"actin filament-based process"	793	282	5.44324303789718e-06	0.0403609941646264
"GO:0030036"	"BP"	"actin cytoskeleton organization"	694	250	7.10549608989506e-06	0.0403609941646264
